126
34
121
98
29
134
133
121
105
108
27
106
38
43
46
45
124
19
27
68
123
133
113
35
86
33
52
19
19
121
110
134
87
76
122
115
21
105
102
122
133
107
134
133
25
133
114
79
65
31
92
47
98
73
112
41
19
62
40
89
22
134
112
54
99
52
114
120
45
23
106
104
33
63
85
133
36
32
103
101
102
83
39
103
115
101
128
104
120
113
98
33
86
47
56
23
23
59
70
20
87
40
59
120
129
19
111
51
128
92
103
134
89
120
29
64
56
21
48
60
24
39
45
87
130
59
122
22
130
70
50
134
81
36
133
22
132
97
110
91
97
64
103
80
96
22
34
108
60
108
70
110
90
117
37
127
78
107
45
75
96
113
53
90
33
134
23
120
21
76
74
56
93
115
58
101
46
73
32
49
67
107
73
64
97
89
118
45
31
64
63
61
133
111
37
116
39
134
55
133
62
122
88
61
128
104
47
86
104
101
60
46
96
69
22
39
122
21
90
69
51
32
108
54
36
93
107
41
68
23
47
91
126
127
23
28
80
69
35
20
29
42
64
23
69
107
109
110
95
99
63
134
62
129
75
53
133
133
69
117
127
37
106
126
86
84
114
60
65
129
52
106
115
96
72
117
89
101
84
21
77
33
124
115
60
76
76
80
106
23
100
97
20
117
58
71
22
102
28
100
57
42
71
36
112
92
120
71
133
104
110
37
97
54
106
85
36
98
101
79
98
21
133
20
79
20
122
104
133
53
132
69
134
108
112
94
110
29
94
134
129
101
35
84
128
32
122
116
66
28
102
65
60
112
65
134
84
123
56
31
66
133
70
84
125
53
118
67
123
25
37
66
98
93
36
134
131
84
100
84
118
94
71
97
67
46
75
134
117
83
117
134
128
75
33
56
120
22
112
131
68
36
75
95
92
93
38
77
99
124
77
40
68
22
93
80
106
119
60
76
120
102
82
125
58
55
126
114
97
64
130
71
134
84
111
90
28
114
124
126
113
86
116
61
55
93
122
96
125
123
38
41
96
134
128
110
125
64
133
120
36
131
44
60
62
21
81
84
38
112
90
102
56
62
63
129
89
132
128
134
22
81
118
124
39
20
60
83
91
50
70
66
88
107
110
79
72
45
115
48
