67
69
125
47
123
42
19
30
28
113
27
60
79
19
80
36
127
85
134
120
105
133
89
58
131
92
132
30
54
109
20
105
123
134
104
37
38
90
133
46
116
121
86
23
87
32
94
53
123
125
131
133
36
41
78
118
80
31
133
49
93
19
82
128
44
96
83
127
123
110
23
110
49
48
53
73
32
87
119
38
61
83
30
70
26
118
86
44
121
89
20
81
90
52
127
113
107
119
133
105
94
90
103
38
124
87
107
33
55
93
104
63
44
99
47
90
121
34
31
134
134
97
56
115
104
105
104
81
40
84
19
94
134
115
47
29
44
119
70
43
133
59
116
114
112
134
28
96
71
39
19
114
61
49
64
123
41
111
117
66
99
22
117
23
24
89
75
26
108
128
78
69
123
52
121
21
48
133
112
22
109
98
123
121
38
48
48
114
57
100
23
47
65
54
103
124
133
116
84
64
40
40
43
133
41
134
90
71
84
133
28
133
96
29
47
23
89
33
82
95
21
100
134
22
92
23
128
94
25
92
100
119
78
21
134
70
114
62
98
71
69
121
110
119
58
89
133
101
100
20
123
133
56
94
58
99
56
132
57
129
72
32
126
39
22
127
35
92
59
59
122
129
28
59
58
128
50
133
133
86
115
100
23
19
41
42
104
84
109
80
28
91
59
78
120
69
37
36
87
102
115
54
100
58
110
29
105
21
118
124
103
93
64
36
97
133
124
45
128
127
79
86
73
114
46
126
84
22
134
32
65
22
85
108
133
123
85
43
127
50
93
97
22
94
82
22
66
95
50
74
125
50
89
114
70
30
125
102
43
94
133
71
39
38
67
123
42
65
56
132
102
134
120
104
134
69
101
113
68
92
20
22
57
109
106
98
128
133
77
106
108
122
61
52
42
73
98
50
19
33
104
93
73
111
119
54
108
92
105
133
47
125
133
110
103
103
88
60
121
107
109
105
80
56
62
101
19
113
109
126
126
133
101
108
72
114
104
28
57
133
104
123
32
125
50
66
69
23
93
93
111
88
118
27
101
40
76
105
89
44
71
67
22
92
45
122
134
29
45
21
116
37
134
88
116
122
61
79
73
70
111
82
124
129
96
116
108
86
90
129
132
53
129
98
77
21
60
99
119
56
111
103
82
134
57
35
42
112
114
55
44
112
124
106
88
101
106
56
35
97
37
107
81
30
47
109
96
76
21
101
103
84
125
106
33
68
60
23
37
64
41
93
62
41
113
54
82
23
79
61
83
129
86
105
48
21
117
94
118
134
122
81
75
131
133
32
69
106
113
62
129
123
127
125
121
132
104
112
47
29
75
82
106
50
133
70
42
113
47
58
66
28
123
55
133
96
131
35
103
127
55
90
79
21
65
131
26
63
103
19
70
76
108
84
31
38
76
25
92
117
103
32
75
44
88
34
94
72
119
77
40
77
82
76
106
88
121
40
108
122
41
34
99
21
67
31
115
120
79
66
23
134
33
101
134
87
46
110
110
133
130
109
119
49
118
44
83
134
85
118
75
134
106
77
128
91
44
113
58
36
89
27
123
48
104
56
75
82
36
106
75
134
21
81
44
131
133
115
67
72
117
35
75
134
73
21
112
73
23
133
133
124
25
67
22
99
23
91
103
126
113
105
23
34
134
88
92
133
38
55
111
80
130
79
73
133
75
107
48
118
71
133
123
116
84
65
133
91
66
101
36
19
77
130
129
76
124
123
130
111
115
53
20
112
32
81
86
91
114
49
85
95
59
92
54
34
130
42
134
74
111
97
46
123
78
33
120
50
35
19
125
65
114
98
52
115
27
23
56
107
133
82
94
68
106
42
83
134
101
34
21
35
101
98
134
91
42
53
103
106
87
120
130
125
23
52
111
84
32
96
52
84
126
20
41
33
75
22
20
59
124
32
55
65
105
33
122
127
92
48
108
101
60
129
128
124
129
69
27
96
104
51
113
127
115
51
133
42
133
22
74
133
94
90
39
72
30
100
20
131
52
38
105
56
123
110
134
74
32
56
121
48
134
89
88
38
134
20
66
40
82
125
42
95
110
123
63
121
56
120
44
44
70
51
126
21
130
97
109
105
81
58
71
99
77
117
93
127
118
31
56
41
19
45
33
116
125
42
61
36
112
133
20
42
113
119
122
83
29
131
77
88
106
94
116
26
96
88
134
64
62
96
47
57
133
60
90
91
65
111
76
130
21
106
51
128
60
19
95
102
70
134
125
56
55
34
72
53
56
28
45
70
106
19
25
113
118
88
57
106
