19
89
58
63
102
123
25
77
44
69
112
76
86
133
77
127
114
56
133
118
134
92
107
124
102
128
129
77
86
92
106
46
47
126
73
80
87
26
71
46
95
65
87
48
106
106
86
127
46
118
31
22
119
127
122
110
21
133
107
133
22
72
56
65
134
41
121
118
78
111
133
52
77
25
85
59
127
27
110
118
50
43
22
95
134
70
133
31
118
37
19
114
67
98
38
20
121
114
53
20
134
110
58
37
22
127
113
75
22
76
124
75
51
44
58
55
119
121
35
20
22
79
97
115
114
130
134
126
21
52
124
30
54
82
93
97
37
34
106
91
100
93
36
102
20
134
134
23
50
98
38
129
93
132
54
118
66
50
81
27
63
129
103
100
114
103
134
111
127
115
69
130
90
50
32
30
119
49
86
127
21
77
69
108
63
127
49
88
23
121
86
54
63
129
133
117
52
133
134
58
60
113
23
21
23
48
22
51
35
83
131
126
122
33
131
107
121
117
45
70
133
113
45
47
80
79
108
124
123
36
134
20
48
133
77
131
89
47
118
107
55
120
102
109
129
50
44
65
123
95
133
25
129
133
131
100
42
84
124
36
95
114
123
30
23
96
129
29
74
70
97
118
46
90
56
100
115
86
28
118
101
133
126
22
97
110
39
48
98
77
20
44
23
56
61
60
104
82
19
32
119
62
133
122
54
83
85
129
116
103
23
115
119
129
53
73
103
100
117
49
58
112
27
120
134
36
32
85
73
134
83
95
25
66
132
41
133
61
40
26
37
45
130
33
20
114
50
122
118
42
99
101
120
120
115
134
134
21
125
108
125
108
44
98
127
117
118
113
21
133
101
31
23
127
32
32
68
121
71
134
127
113
96
98
55
22
129
123
118
126
93
126
20
117
34
114
128
106
85
113
51
43
67
23
65
23
114
102
134
75
70
111
19
80
108
120
120
30
58
59
65
92
61
134
81
42
89
126
86
122
80
130
134
118
67
21
123
41
69
121
133
55
35
68
65
23
62
125
31
71
134
72
121
60
77
77
112
79
101
92
71
55
121
19
117
20
69
29
38
134
124
59
28
83
22
22
117
88
60
34
101
34
32
94
82
88
126
124
112
130
126
105
92
51
89
60
107
61
75
95
57
29
113
102
64
36
134
84
51
124
119
98
122
58
44
74
69
105
113
84
73
104
31
121
56
30
79
19
66
91
130
35
64
113
49
133
112
130
115
57
81
133
80
133
119
54
102
108
86
105
76
121
90
20
76
121
101
113
114
115
45
55
69
28
115
59
124
134
131
99
112
106
46
133
89
130
40
22
116
21
23
20
55
93
90
33
105
35
91
32
131
68
50
38
96
133
49
121
125
69
89
115
100
44
104
116
26
64
122
85
133
55
134
126
104
22
127
130
31
70
134
84
32
36
56
125
124
85
63
124
119
133
64
64
79
131
30
133
89
31
117
91
91
54
83
120
105
122
33
84
84
99
48
119
79
84
107
127
123
78
54
129
55
48
109
99
76
57
49
106
133
70
106
103
125
81
59
119
46
119
119
34
113
22
110
114
96
57
48
47
86
22
101
23
82
123
127
101
109
118
82
88
51
23
96
27
50
27
103
124
34
67
118
108
131
120
75
56
21
22
113
76
24
21
129
119
47
41
85
44
20
111
121
111
105
23
66
113
45
75
38
122
100
68
101
27
38
134
32
94
90
92
52
22
117
113
106
129
22
126
125
108
133
21
64
119
22
133
82
107
23
75
65
32
111
84
70
116
46
58
96
54
69
23
35
123
93
66
127
133
133
134
133
25
134
70
86
128
57
62
57
21
67
116
43
129
109
33
29
30
72
91
96
133
44
90
20
38
26
22
130
119
84
60
76
22
107
104
32
20
93
59
114
121
117
89
116
133
22
95
38
19
48
67
66
76
30
71
124
84
134
60
124
125
93
103
95
118
122
88
120
123
69
88
80
93
59
127
115
112
101
131
95
127
102
67
134
121
119
19
121
43
133
81
41
97
114
63
134
105
27
122
63
19
57
70
133
112
20
108
37
107
61
28
22
54
80
122
69
103
74
60
27
36
79
90
123
106
122
124
50
99
23
70
32
41
36
128
58
134
124
121
20
97
49
104
74
121
110
111
125
74
134
47
132
81
112
22
36
85
133
87
50
127
99
119
127
102
122
102
111
31
69
91
41
96
100
38
23
133
25
31
68
122
41
66
68
64
100
84
112
133
71
29
32
128
43
61
20
83
60
68
63
56
129
69
102
117
21
75
133
31
95
134
120
107
55
103
134
44
72
22
113
93
105
123
60
107
127
23
122
82
127
95
133
102
118
126
133
26
120
30
113
89
101
117
60
49
60
122
125
41
52
53
46
32
98
134
79
64
26
125
77
64
79
77
101
109
24
112
82
124
117
77
114
88
106
72
47
129
54
19
57
86
95
103
56
121
129
119
26
118
95
103
30
134
40
62
99
92
133
23
115
134
134
97
133
128
31
127
123
121
123
81
28
76
29
78
134
72
86
106
101
50
98
89
22
41
126
21
88
25
46
51
100
132
79
107
22
57
50
83
106
128
94
20
28
133
21
55
27
38
104
107
96
116
45
75
82
134
113
134
33
37
51
100
112
30
105
29
31
63
70
42
134
22
37
123
54
76
19
73
128
117
30
86
67
100
130
64
28
113
47
74
108
97
123
41
64
117
107
69
95
118
58
30
24
83
82
47
64
19
70
81
120
20
130
100
109
37
118
84
52
48
96
123
38
122
30
35
40
104
70
127
96
128
133
109
114
29
87
92
106
97
64
103
43
126
117
57
84
128
129
23
102
20
122
21
124
31
102
42
92
19
94
133
123
20
134
27
107
66
92
51
115
41
133
100
98
133
50
26
48
61
38
126
128
124
120
53
104
21
77
73
133
21
25
100
28
124
24
64
75
133
133
49
127
109
133
126
113
130
36
115
105
116
111
20
64
134
46
39
127
60
21
75
123
30
64
129
44
92
125
96
43
87
42
118
123
65
115
89
90
48
22
94
125
120
86
130
97
133
94
126
104
20
78
53
112
46
21
74
44
20
98
75
63
111
67
20
71
97
70
125
105
108
90
115
62
121
124
28
59
105
127
104
73
74
127
75
67
84
66
121
43
34
118
110
50
96
89
134
114
101
109
128
94
81
38
44
90
130
63
70
67
45
93
133
74
133
133
114
88
49
63
83
134
71
118
22
33
43
44
90
90
53
62
86
112
100
129
129
92
110
46
84
31
119
30
117
95
95
134
125
21
134
134
80
129
49
46
114
133
88
119
112
41
69
95
23
113
121
94
104
102
111
113
89
129
53
127
20
74
40
122
56
116
22
89
81
37
96
61
76
73
61
89
23
65
134
61
93
113
123
34
103
33
23
82
85
52
99
59
133
94
122
131
116
100
38
45
34
117
69
98
108
74
125
103
30
108
110
58
115
80
97
41
57
97
58
83
32
74
81
134
107
83
50
128
86
108
124
27
85
52
133
52
56
85
109
134
94
126
133
47
91
61
56
75
89
134
101
82
104
88
134
89
133
128
128
115
134
33
39
120
36
94
86
107
19
111
19
47
110
91
118
82
117
93
131
20
133
72
93
87
90
101
44
46
50
95
100
85
41
127
129
19
131
97
131
98
19
95
121
94
36
48
134
58
91
68
128
63
86
125
119
69
115
37
55
95
72
115
115
62
126
45
54
84
131
90
82
28
43
80
40
36
53
126
30
59
102
129
20
20
87
117
81
85
124
33
107
71
42
95
31
20
100
46
123
125
93
97
22
122
48
94
78
106
43
115
64
99
114
70
43
82
53
22
120
100
96
117
131
49
102
133
86
57
49
127
126
103
93
63
90
27
45
100
133
23
120
125
79
93
88
41
113
123
41
21
103
125
122
101
90
49
23
21
81
102
133
122
58
44
67
70
109
93
70
111
131
67
94
133
52
71
44
84
121
106
119
80
72
110
124
69
70
128
79
118
22
134
71
122
124
42
129
20
129
29
72
100
50
42
80
134
90
110
37
38
132
71
64
100
48
125
127
132
24
103
76
82
43
31
46
57
94
126
44
22
134
83
123
54
134
86
129
61
114
130
25
70
71
88
85
67
80
127
60
37
35
22
119
43
116
27
134
81
73
78
75
71
91
71
134
68
107
116
122
71
64
48
22
121
105
37
20
73
107
52
92
54
65
29
38
34
115
21
90
130
117
116
65
68
99
122
114
125
33
80
115
33
43
104
130
42
19
80
107
131
133
94
125
86
118
90
73
87
28
112
129
134
23
125
131
71
30
23
40
119
120
77
101
53
134
131
107
47
113
114
134
82
80
39
90
46
57
126
102
22
70
130
130
132
21
83
119
120
133
128
125
57
87
133
134
126
81
125
112
114
77
121
64
58
127
119
82
39
45
50
105
133
34
92
51
42
47
102
51
25
19
119
31
80
133
133
86
64
117
102
101
130
104
20
47
119
88
44
105
124
62
108
31
96
65
73
114
129
72
32
112
64
110
103
88
90
19
92
112
43
124
88
73
120
97
133
134
89
38
61
20
20
134
120
73
124
104
49
88
48
120
91
117
120
114
30
62
50
77
46
84
114
40
45
98
122
117
105
134
127
85
82
30
19
97
126
125
91
70
33
85
110
106
41
35
26
118
30
126
83
61
82
86
29
100
81
33
104
129
134
22
77
95
19
97
61
126
77
127
37
81
87
37
37
84
45
23
120
79
108
71
106
127
23
22
31
128
92
125
39
130
131
113
134
99
120
112
130
67
64
96
88
125
53
134
121
70
102
130
113
122
84
38
47
115
95
127
40
97
134
130
51
103
122
45
116
130
133
50
58
126
87
106
122
22
83
119
134
21
63
45
134
72
62
32
59
73
49
37
59
81
20
78
63
114
86
123
58
68
113
98
57
105
58
99
38
73
23
68
126
98
31
133
102
34
22
44
122
58
19
93
61
92
46
39
121
134
68
23
121
126
69
38
68
28
114
88
95
24
42
113
54
126
19
117
88
130
72
101
106
23
75
35
130
113
130
39
129
112
104
127
40
113
22
39
75
109
134
98
127
24
32
34
75
119
103
44
116
45
134
134
112
133
92
63
60
133
74
134
126
134
104
37
32
81
125
74
99
50
83
43
63
30
108
98
79
45
105
122
103
110
124
113
106
83
31
67
98
127
86
43
84
59
60
128
19
126
51
75
134
125
44
133
124
120
52
98
46
63
113
97
78
50
134
112
72
77
111
44
89
134
86
111
99
37
122
71
72
124
30
110
102
40
99
38
97
20
111
34
74
131
113
121
57
92
81
98
112
126
21
134
76
125
113
105
78
46
68
31
46
126
115
65
77
133
61
53
95
94
116
23
133
25
99
51
128
133
35
106
127
23
121
96
127
107
113
36
126
34
58
125
98
125
56
33
49
96
55
133
68
122
51
133
134
42
59
101
130
95
60
80
131
117
92
22
65
50
102
134
51
120
66
58
131
98
86
105
23
118
27
88
134
92
106
57
20
45
123
20
130
76
95
52
134
48
107
48
130
52
45
40
70
94
65
19
102
95
122
51
92
115
37
23
134
119
109
50
110
90
29
116
23
134
21
74
65
64
41
106
93
131
39
114
99
65
120
69
40
92
113
114
21
27
88
133
134
85
120
51
131
134
129
36
36
66
24
120
127
134
73
113
55
134
63
56
84
97
134
128
89
61
123
68
83
29
86
63
71
75
21
90
110
99
68
119
125
84
130
115
21
58
50
42
74
95
121
102
126
105
98
60
23
97
126
89
26
86
36
123
69
103
62
128
34
50
23
20
19
102
133
124
90
93
42
105
72
34
103
111
105
110
130
114
70
35
93
130
101
32
77
81
134
107
83
77
133
85
122
92
116
72
133
34
122
40
81
97
65
108
69
133
39
128
31
126
134
84
22
133
114
64
130
59
89
79
64
58
71
96
34
72
123
134
101
131
99
133
128
106
57
38
126
22
114
133
80
58
114
84
99
86
52
131
22
67
108
62
127
117
69
125
22
34
39
116
119
113
60
131
116
127
76
20
129
57
73
110
44
114
115
114
59
134
58
52
48
38
46
20
42
126
45
46
21
125
21
59
91
122
108
98
125
66
130
126
56
42
112
47
96
103
71
61
133
107
112
73
104
133
74
31
36
130
24
77
34
133
82
102
129
76
114
122
87
81
66
62
134
27
66
73
83
39
108
126
134
104
90
133
48
95
104
78
133
98
52
23
83
101
46
43
40
64
33
52
62
78
99
122
34
134
119
60
116
20
96
66
111
116
124
129
101
108
134
99
106
58
72
129
119
71
96
62
69
51
97
23
118
115
134
91
85
102
117
93
131
96
46
84
74
76
64
35
45
59
37
63
65
103
33
105
129
93
37
95
83
123
85
20
128
100
132
77
134
20
45
110
89
66
116
63
133
134
19
81
58
39
104
96
20
128
104
41
115
133
109
115
102
70
95
110
45
100
91
44
116
133
128
44
88
128
73
35
134
110
20
66
53
29
117
43
117
114
40
22
32
85
83
22
23
130
78
132
117
54
109
75
118
74
102
44
128
88
67
107
60
75
79
22
93
86
85
87
44
89
117
118
45
122
130
76
115
80
80
55
96
58
81
49
30
56
102
133
30
58
110
133
83
83
23
109
55
61
115
19
98
23
92
33
104
22
42
54
134
80
53
130
97
28
77
38
114
80
87
76
78
23
104
112
30
21
125
119
51
123
134
122
123
127
52
31
110
119
80
82
118
52
22
19
108
130
125
66
101
96
106
79
119
52
65
123
126
134
120
80
134
57
109
134
56
116
112
133
126
125
97
105
74
27
105
79
69
113
124
120
107
126
81
82
43
39
110
51
46
119
61
70
87
25
29
128
42
45
128
116
134
33
86
104
101
74
114
71
97
47
103
115
33
32
21
48
62
106
113
35
111
45
101
107
87
133
56
68
53
102
19
85
134
46
87
129
31
40
98
133
78
54
71
19
113
45
27
41
43
100
100
66
99
72
58
122
83
125
101
93
54
128
40
22
42
133
117
30
23
71
24
110
94
58
63
32
48
81
115
133
48
29
42
125
70
81
76
79
83
119
76
112
72
65
23
41
36
21
22
71
113
102
133
23
39
90
52
121
93
120
63
83
101
28
109
95
35
93
89
41
48
96
122
116
129
108
37
68
61
123
34
22
122
116
121
49
112
95
68
120
62
28
42
66
100
134
114
43
134
106
59
62
134
100
55
55
26
80
65
132
60
65
118
33
23
117
100
97
37
21
99
117
69
92
96
19
128
108
34
102
62
134
38
51
107
109
55
29
76
33
56
78
76
47
119
23
124
120
32
128
76
103
116
94
20
91
116
48
124
41
120
37
133
26
80
93
89
33
46
96
25
35
69
58
79
47
70
100
86
109
92
133
107
122
95
22
37
39
134
126
48
99
58
134
41
29
46
127
79
105
133
111
40
69
32
31
44
66
116
99
80
90
129
108
67
134
48
23
115
21
133
19
32
133
64
117
99
19
41
23
117
65
127
100
50
133
125
122
133
93
113
132
131
133
25
91
107
134
126
131
81
112
68
133
58
122
109
32
51
37
110
87
124
130
82
34
84
125
131
125
68
22
74
98
111
108
108
56
22
45
121
79
115
111
134
47
123
133
38
110
77
79
62
25
87
134
109
98
27
69
54
108
39
127
133
46
70
102
99
22
46
115
58
98
128
79
116
134
26
71
127
131
22
124
88
20
58
111
86
133
57
53
123
130
114
126
20
134
105
20
90
127
124
109
111
133
81
134
96
62
134
92
69
81
120
97
55
96
34
118
80
42
119
120
107
118
134
128
123
71
124
69
69
116
78
31
63
116
75
124
95
73
89
116
118
32
106
108
47
57
92
106
100
50
33
38
89
59
57
77
134
115
134
38
96
40
68
30
56
129
65
46
93
42
49
122
130
134
107
115
95
107
84
64
128
28
106
114
130
116
35
92
42
121
119
115
128
63
58
129
34
41
88
116
133
27
32
104
30
23
133
22
115
56
88
100
70
23
97
78
117
116
72
130
120
128
130
110
42
84
33
19
21
113
54
89
72
97
107
123
115
85
49
30
126
118
48
126
96
123
113
80
62
64
60
34
53
112
87
55
74
115
24
19
19
86
115
112
67
29
120
119
43
133
134
52
61
125
64
93
124
63
55
23
120
64
133
127
43
112
120
100
94
127
36
117
96
36
107
134
129
132
109
64
22
38
70
102
125
91
133
28
133
65
63
104
26
32
66
82
98
125
81
95
134
128
103
81
71
46
73
123
42
112
134
77
36
112
34
41
112
115
29
49
120
77
94
103
35
106
59
36
62
60
81
83
102
53
73
67
76
98
129
129
109
88
72
74
50
126
125
123
42
22
59
41
66
119
88
134
121
127
40
55
65
134
37
133
114
70
127
115
58
27
130
123
133
107
131
87
71
81
106
125
126
103
63
106
71
32
116
61
19
47
127
124
65
118
116
100
78
56
68
59
30
67
130
134
130
87
106
34
111
68
30
46
68
133
19
61
129
85
101
130
133
80
75
23
118
83
93
77
112
99
52
96
19
131
28
92
128
91
77
110
114
125
134
32
120
32
47
100
28
19
101
122
131
56
96
101
73
120
106
80
75
106
85
53
80
80
134
121
134
111
26
37
37
118
23
111
29
133
92
70
84
128
74
105
134
120
48
129
85
32
78
59
105
134
57
90
48
74
101
126
114
109
70
116
121
86
97
39
49
46
96
134
104
88
123
98
23
90
51
91
131
119
115
74
80
54
67
131
98
120
111
47
20
74
83
129
120
118
120
110
54
21
42
21
22
90
31
114
131
53
61
63
40
90
129
130
31
109
46
131
30
95
134
25
126
86
73
72
108
29
94
134
20
86
102
57
79
106
130
92
110
98
130
87
57
120
88
31
92
105
100
134
114
28
52
116
124
119
37
94
66
133
133
114
31
92
124
20
128
124
118
33
41
119
49
68
71
109
63
63
76
127
89
21
62
35
41
96
134
119
35
134
128
33
112
99
125
110
100
62
134
94
20
53
91
105
23
39
47
38
52
36
123
134
81
75
35
70
103
109
129
119
62
68
116
126
44
51
70
75
59
94
19
70
108
134
45
82
37
126
40
72
120
71
67
40
77
91
134
56
80
99
87
85
123
52
133
25
83
23
42
61
133
46
130
133
134
117
126
86
28
24
78
21
89
30
120
130
56
85
29
78
118
49
79
44
110
120
83
82
134
20
26
134
65
51
96
53
106
69
113
127
107
72
133
126
100
83
105
82
110
36
41
69
101
39
61
46
37
76
116
127
40
102
94
114
111
133
71
76
124
108
58
117
90
130
34
106
83
121
74
64
90
121
99
115
79
58
21
100
72
134
90
93
79
32
19
21
46
119
102
34
67
84
120
65
110
107
91
130
87
122
101
65
107
122
40
127
95
60
81
82
76
51
115
108
129
118
23
74
133
112
116
117
129
119
127
125
67
115
118
49
46
122
131
103
81
122
78
65
86
34
20
120
118
110
57
96
77
130
20
125
88
88
63
124
22
19
133
25
126
126
130
29
94
111
134
50
49
40
36
125
46
77
134
112
20
54
122
70
31
128
107
88
134
86
106
41
78
113
54
134
25
58
39
23
133
122
58
57
85
85
134
45
112
22
107
116
68
134
19
86
133
113
98
119
20
131
36
63
30
51
44
101
115
89
47
32
133
116
101
106
60
37
115
37
55
41
39
114
116
68
134
115
34
49
69
130
123
51
134
22
94
111
44
104
57
65
125
90
118
115
109
31
61
109
127
43
76
89
97
74
127
63
47
127
133
62
33
33
130
71
34
70
88
129
105
41
20
133
28
106
34
127
87
69
131
77
116
123
102
23
53
85
96
65
133
92
97
84
73
125
63
24
127
22
29
126
44
109
134
111
124
31
130
134
35
28
23
129
106
127
102
72
125
117
58
30
62
62
45
112
21
94
67
102
134
134
78
69
82
51
101
131
69
47
55
102
84
26
30
133
121
126
97
53
113
111
127
112
92
94
113
115
76
20
52
60
71
70
54
105
93
118
106
91
114
99
27
125
95
31
60
97
101
107
61
19
90
68
126
124
44
84
100
100
87
118
84
134
119
110
133
84
64
23
84
72
85
110
128
23
120
46
40
70
111
131
72
123
21
103
126
113
131
63
71
61
85
58
23
129
130
57
79
128
88
60
106
44
123
103
33
124
21
43
46
50
108
63
130
39
103
80
92
51
52
87
117
132
123
110
104
80
65
22
44
62
84
90
77
120
87
42
118
119
46
127
104
55
32
86
32
66
73
121
56
56
38
24
127
41
74
23
52
60
133
93
98
133
134
111
127
80
128
130
119
98
98
60
19
96
34
132
20
133
35
120
60
106
121
115
50
72
65
108
23
114
65
101
21
92
102
84
42
74
134
65
45
76
22
133
68
134
30
68
86
90
122
63
72
116
69
99
118
85
61
96
23
115
21
23
127
103
69
103
126
20
75
63
71
90
70
90
131
76
125
126
71
82
120
127
51
108
73
23
63
105
130
123
78
76
62
82
88
133
130
120
103
123
111
133
134
81
129
85
100
125
40
110
75
69
23
62
124
31
52
58
119
134
130
105
37
72
63
119
22
134
117
43
21
80
29
126
39
102
31
115
22
129
77
65
82
25
94
42
46
29
27
96
108
46
41
43
66
91
122
134
22
79
111
76
38
37
61
33
102
19
133
56
115
41
97
134
81
19
129
115
32
46
105
63
96
79
134
95
78
116
88
65
20
99
45
74
90
129
51
93
32
24
102
115
93
23
131
107
54
89
67
97
96
59
27
101
133
22
101
19
20
123
130
63
113
107
120
67
97
23
37
55
110
115
120
82
34
42
69
109
71
110
30
67
58
113
89
70
94
70
81
26
20
42
102
36
40
133
111
106
39
100
93
88
72
29
36
111
133
102
21
20
96
116
116
105
63
104
71
39
94
42
118
43
60
45
73
108
47
26
98
130
75
133
133
78
116
78
57
30
102
80
81
41
121
100
127
34
69
60
125
82
41
45
120
62
62
29
133
133
23
73
119
41
62
70
79
115
65
88
78
63
126
29
26
117
41
61
40
131
91
77
130
133
133
80
64
103
58
23
30
116
74
112
100
34
46
88
26
134
95
35
130
94
59
111
67
111
98
121
108
117
105
40
102
29
82
21
134
36
134
111
42
134
23
121
114
122
119
37
51
112
48
20
93
93
121
23
65
21
133
92
125
72
47
23
78
50
114
23
134
124
51
132
128
97
84
94
103
120
23
125
